"Sample"	"Developmental"	"Injury"	"Classical"	"Mesenchymal"	"Proneural"	"Developmental_pval"	"Injury_pval"	"Classical_pval"	"Mesenchymal_pval"	"Proneural_pval"	"Wang_2017"	"Richards_2021"	"FOSL1"
"BT100_L"	4441.68407218034	2407.29758838248	8018.00385017698	4013.41228210311	3423.76176334899	0.000999000999000999	1	0.244755244755245	0.519480519480519	0.000999000999000999	"PN"	"DEV"	8.62695882064523
"BT106_L"	3444.74452861978	3341.91428520825	7128.28279136359	5199.45635642333	1715.15688048925	1	0.00699300699300699	0.985014985014985	0.014985014985015	0.717282717282717	"MES"	"INJ"	10.9701618609252
"BT108_L"	3892.35005541963	2954.81013890778	7568.67997980218	4720.47557181247	2250.98676115764	0.000999000999000999	1	0.793206793206793	0.0849150849150849	0.215784215784216	"MES"	"DEV"	12.5388064812338
"BT119_L"	3584.96771847661	3142.44769950051	7653.02503178159	4503.35960933163	1721.33432924518	0.925074925074925	1	0.712287712287712	0.173826173826174	0.709290709290709	"MES"	"DEV"	11.3876589167627
"BT126_L"	4907.02722793929	1898.68399981819	8282.81760563877	1406.89192496154	3188.07141764006	0.000999000999000999	1	0.0699300699300699	1	0.002997002997003	"PN"	"DEV"	10.7679051966679
"BT134_L"	4644.8023723289	2099.88443120773	7901.90058547521	2186.32947620595	2609.93110397951	0.000999000999000999	1	0.383616383616384	1	0.050949050949051	"PN"	"DEV"	6.05388580953669
"BT140_L"	4571.60067657458	2244.68034712784	8650.75946081424	1377.20231344633	2694.73998682756	0.000999000999000999	1	0.003996003996004	1	0.033966033966034	"CL"	"DEV"	9.01519211564472
"BT143_L"	3897.72052701405	2950.68640587704	8727.89649847981	3457.44810232575	1573.46775416266	0.000999000999000999	1	0.002997002997003	0.884115884115884	0.816183816183816	"CL"	"DEV"	11.3875204290643
"BT147_L"	4364.40015251996	2402.64649271676	8465.97008367172	2631.91609498373	2188.33580295194	0.000999000999000999	1	0.012987012987013	1	0.278721278721279	"CL"	"DEV"	9.2550767323115
"BT169_L"	1892.64508584797	4902.03420447272	7127.67238609438	5991.99547227577	916.609035161229	1	0.000999000999000999	0.985014985014985	0.000999000999000999	0.997002997002997	"MES"	"INJ"	13.2850252207254
"BT189_L"	4362.3058171857	2284.39550398709	7819.11221633549	1821.23467576388	2439.75197958352	0.000999000999000999	1	0.494505494505495	1	0.10989010989011	"PN"	"DEV"	7.74926008879807
"BT208_L"	1910.06217136492	4765.11254830117	5815.87493825042	7091.28417561981	786.849318723877	1	0.000999000999000999	1	0.000999000999000999	0.998001998001998	"MES"	"INJ"	13.922628937818
"BT238_L"	5183.8102802221	1566.62286605452	8852.39947399697	475.734826342882	2979.29723310393	0.000999000999000999	1	0.001998001998002	1	0.00899100899100899	"CL"	"DEV"	7.35835521712596
"BT241_L"	4621.66961573945	2040.28063632663	8525.11627165345	1393.97736256337	2342.0956852748	0.000999000999000999	1	0.00799200799200799	1	0.155844155844156	"CL"	"DEV"	8.40296060675226
"BT248_L"	2163.36106987663	4635.97849690685	6509.11831108566	7286.59118779637	2115.96424703332	1	0.000999000999000999	1	0.000999000999000999	0.343656343656344	"MES"	"INJ"	12.2031340456329
"BT284_L"	3771.24946533147	2907.50540144128	7795.97936257962	3064.08546577405	1737.98264026413	0.000999000999000999	1	0.528471528471528	0.983016983016983	0.696303696303696	"CL"	"DEV"	9.89833218859168
"BT301_L"	4622.42744023419	2146.00360235658	7746.52208638963	2922.84431776112	2074.86673926312	0.000999000999000999	1	0.597402597402597	0.992007992007992	0.386613386613387	"PN"	"DEV"	12.1885863601619
"BT41_L"	4899.23019955769	2013.288469475	8904.87082579667	2126.53364162792	1924.09694846469	0.000999000999000999	1	0.001998001998002	1	0.528471528471528	"CL"	"DEV"	10.6391611972626
"BT426_L"	4815.63012925833	2101.46387108166	7640.98010036408	1909.64788266714	4802.66406179363	0.000999000999000999	1	0.725274725274725	1	0.000999000999000999	"PN"	"DEV"	9.07930586622897
"BT428_L"	4461.89070016018	2427.84496834612	8216.86087806867	2886.31643007284	1793.97879427336	0.000999000999000999	1	0.103896103896104	0.992007992007992	0.65034965034965	"CL"	"DEV"	10.2493449444659
"BT429_L"	4581.65230642241	2327.46156508516	8392.46534766935	2357.7861277864	3579.36405981171	0.000999000999000999	1	0.028971028971029	1	0.000999000999000999	"PN"	"DEV"	8.47997316442408
"BT48_L"	4804.0153707163	1995.12689271691	8155.71540236178	1953.68580634343	3225.42180478831	0.000999000999000999	1	0.12987012987013	1	0.000999000999000999	"PN"	"DEV"	7.79251964577777
"BT50_L"	4647.1783702614	1947.80930621707	8850.71860287429	342.863024596636	2058.68757750398	0.000999000999000999	1	0.001998001998002	1	0.400599400599401	"CL"	"DEV"	5.58962481182654
"BT53_L"	4355.20735251559	2107.63259056338	7727.7864688269	1251.89107820334	1645.28034540044	0.000999000999000999	1	0.625374625374625	1	0.773226773226773	"CL"	"DEV"	7.09859292762379
"BT67_L"	4505.38801885757	2288.92065510603	8202.94653396958	2002.6121223258	2628.90748529652	0.000999000999000999	1	0.106893106893107	1	0.04995004995005	"PN"	"DEV"	9.12967462900019
"BT69_L"	5007.41161499327	1603.61841185798	8404.82736696776	1660.49601714577	2670.51757144885	0.000999000999000999	1	0.025974025974026	1	0.042957042957043	"CL"	"DEV"	9.00353075271079
"BT73_L"	3675.89578274962	2823.98398625934	7804.31520670736	2991.47224571991	1347.69545765395	0.0919080919080919	1	0.513486513486514	0.987012987012987	0.928071928071928	"CL"	"DEV"	11.112400025379
"BT75_L"	4123.58227826129	2749.67254234694	8431.30553684567	3053.3895995334	1030.34623318855	0.000999000999000999	1	0.018981018981019	0.983016983016983	0.991008991008991	"CL"	"DEV"	11.8005382332235
"BT84_L"	4297.47952432583	2646.73203151823	7722.61393260915	2984.54966650676	1747.42952639378	0.000999000999000999	1	0.631368631368631	0.987012987012987	0.692307692307692	"CL"	"DEV"	9.93351007663749
"BT89_L"	4929.67636605653	1844.6554422499	7705.78770137145	2368.23366255227	2751.48985412861	0.000999000999000999	1	0.646353646353646	1	0.024975024975025	"PN"	"DEV"	11.1217772231233
"BT94_L"	4360.77649530854	2496.26356557557	8269.7962978527	3109.10274673537	1771.74108709972	0.000999000999000999	1	0.0769230769230769	0.978021978021978	0.673326673326673	"CL"	"DEV"	11.4606725871816
"G361_L"	3102.80339440357	3679.27413695916	6406.45073143971	5547.26515512017	2071.56286286024	1	0.000999000999000999	1	0.002997002997003	0.38961038961039	"MES"	"INJ"	12.5901324586909
"G411_L"	2806.14443512636	3987.00887643215	6686.4494961491	6052.17353103837	1827.92668318477	1	0.000999000999000999	1	0.000999000999000999	0.617382617382617	"MES"	"INJ"	13.5315754758885
"G489_L"	4534.87334933416	2207.95898416658	9127.53065287225	1604.65829448577	1914.70566566138	0.000999000999000999	1	0.000999000999000999	1	0.533466533466533	"CL"	"DEV"	9.24850274261279
"G498_L"	3436.17869725477	3404.58321412017	8409.08218730226	3985.07256924878	1194.75310017544	1	0.000999000999000999	0.025974025974026	0.54045954045954	0.965034965034965	"CL"	"INJ"	11.9439933337929
"G523_L"	4546.32482787085	2282.61204513446	7398.14825717932	2464.71239664625	4123.755950629	0.000999000999000999	1	0.91008991008991	1	0.000999000999000999	"PN"	"DEV"	9.50934876220635
"G549_L"	2526.70636902463	4568.22947093393	7804.48010063189	5965.25847809448	1343.38539416836	1	0.000999000999000999	0.513486513486514	0.000999000999000999	0.928071928071928	"MES"	"INJ"	12.552522708519
"G551_L"	3166.60244052653	3800.34677398338	7936.16397064793	4807.77502720018	1634.87242595233	1	0.000999000999000999	0.336663336663337	0.0549450549450549	0.779220779220779	"MES"	"INJ"	12.2078892811259
"G561_L"	2802.71726454977	4000.26614399277	7014.20338660274	5309.69664931642	1257.29483986689	1	0.000999000999000999	0.996003996003996	0.00799200799200799	0.95004995004995	"MES"	"INJ"	12.1645939031848
"G564_L"	2204.21037804133	4648.68456329565	7234.59068159714	5489.87846053047	968.280662045077	1	0.000999000999000999	0.964035964035964	0.002997002997003	0.996003996003996	"MES"	"INJ"	12.9687162331814
"G566_L"	2249.51242855187	4765.89401969135	7360.98559034619	7286.41287428534	933.612305103321	1	0.000999000999000999	0.924075924075924	0.000999000999000999	0.997002997002997	"MES"	"INJ"	13.6784256377488
"G567_L"	2401.50473900698	4400.72991672924	6041.38440570808	7047.65099982178	1687.25823206271	1	0.000999000999000999	1	0.000999000999000999	0.739260739260739	"MES"	"INJ"	14.9271075909805
"G571_L"	2974.70142695747	3812.07638345954	7669.96371503938	5444.60998839149	1204.78984206494	1	0.000999000999000999	0.694305694305694	0.003996003996004	0.962037962037962	"MES"	"INJ"	13.292471769696
"G577_L"	3020.10395133729	3938.98455422571	7697.25020135312	4632.47530032477	554.529117212952	1	0.000999000999000999	0.662337662337662	0.120879120879121	1	"MES"	"INJ"	11.6474126844365
"G583_L"	2808.20346848326	4290.51892413783	6777.32524453614	6498.91559511315	3500.09946370615	1	0.000999000999000999	0.999000999000999	0.000999000999000999	0.000999000999000999	"MES"	"INJ"	12.8965629871639
"G584_L"	3189.78850625801	3778.61521508947	7577.92815320558	5257.5958022362	1920.03334255094	1	0.000999000999000999	0.785214785214785	0.00999000999000999	0.529470529470529	"MES"	"INJ"	11.0694975902126
"G594_L"	3194.30235902079	3684.92468365781	7503.56144953406	4091.43883854698	1508.33419818437	1	0.000999000999000999	0.849150849150849	0.447552447552448	0.854145854145854	"MES"	"INJ"	11.7315687979118
"G613_L"	3028.96296490388	3816.38553394653	7237.92487575608	5434.66562523377	1503.97394021724	1	0.000999000999000999	0.961038961038961	0.003996003996004	0.857142857142857	"MES"	"INJ"	12.8971059708779
"G620_L"	4611.52731076911	2471.96337033129	9281.87749566151	2384.83939495555	2195.76414775829	0.000999000999000999	1	0.000999000999000999	1	0.272727272727273	"CL"	"DEV"	10.2045058101249
"G637_L"	3847.22146470082	3163.15396796465	7819.52396279954	3367.86091086782	2160.04671915033	0.000999000999000999	0.998001998001998	0.494505494505495	0.923076923076923	0.305694305694306	"PN"	"DEV"	12.1029924538756
"G648_L"	4380.8358057433	2489.0187277856	8995.89614156047	2443.65470093658	1480.56251453017	0.000999000999000999	1	0.000999000999000999	1	0.867132867132867	"CL"	"DEV"	7.44897482219221
"G683_L"	2992.84060538574	4113.26159749984	8482.00236592734	5935.36170568164	25.837837482403	1	0.000999000999000999	0.010989010989011	0.000999000999000999	1	"MES"	"INJ"	12.6921870576887
"G691_L"	2304.8214184662	4794.59186219324	8115.64226547409	6007.14852979364	640.36234676156	1	0.000999000999000999	0.15984015984016	0.000999000999000999	1	"MES"	"INJ"	13.2388443768831
"G702_L"	4299.82287318539	2621.04247800648	8784.87419659313	3095.89745875669	2276.27886526746	0.000999000999000999	1	0.001998001998002	0.979020979020979	0.198801198801199	"CL"	"DEV"	10.1969614389752
"G705_L"	2492.22760488289	4341.00660673307	7290.32816669554	5805.90714989628	562.19447539012	1	0.000999000999000999	0.945054945054945	0.000999000999000999	1	"MES"	"INJ"	11.2945767978459
"G706_L"	4232.80879076195	2781.7597944227	8834.59845320691	2926.01750930614	1904.05119205033	0.000999000999000999	1	0.001998001998002	0.992007992007992	0.546453546453546	"CL"	"DEV"	11.0532775596022
"G719_L"	3381.38770921932	3484.31836275848	8030.0297082835	3549.64124581273	1771.71050295421	1	0.000999000999000999	0.230769230769231	0.846153846153846	0.673326673326673	"CL"	"INJ"	10.5497285869749
"G729_L"	1736.51769112509	5250.55268480695	6852.3137001767	8218.60504710295	1535.28781412242	1	0.000999000999000999	0.999000999000999	0.000999000999000999	0.841158841158841	"MES"	"INJ"	14.4571546330905
"G744_L"	5217.2532019008	1544.00302520672	7641.33408567177	544.174482026953	3913.82366584418	0.000999000999000999	1	0.724275724275724	1	0.000999000999000999	"PN"	"DEV"	8.01418766573027
"G789_L"	1366.52485814416	5532.26118669444	5475.92396172237	8037.34136954843	1404.49457098875	1	0.000999000999000999	1	0.000999000999000999	0.903096903096903	"MES"	"INJ"	14.3498229887611
"G797_L"	2572.19722707962	4420.63071954558	7838.08958690471	6446.0696833352	1445.71474208747	1	0.000999000999000999	0.45954045954046	0.000999000999000999	0.885114885114885	"MES"	"INJ"	13.9902021736476
"G799_L"	2757.98534509778	4067.27212022003	7927.0997399729	5073.31758666454	1234.08292423261	1	0.000999000999000999	0.352647352647353	0.01998001998002	0.954045954045954	"MES"	"INJ"	11.2615243954668
"G800_L"	2762.74956922843	4440.74160005251	8268.94781392814	7003.95336089714	1774.31014599264	1	0.000999000999000999	0.0769230769230769	0.000999000999000999	0.668331668331668	"MES"	"INJ"	13.3864215403859
"G809_L"	4078.0119395271	2657.75042373175	8378.98300908239	2732.46799618569	3743.50680787975	0.000999000999000999	1	0.02997002997003	0.999000999000999	0.000999000999000999	"PN"	"DEV"	9.49955761286362
"G823_L"	4009.20729633769	2913.29217379182	8186.55735926305	3651.31244123374	1683.17534709157	0.000999000999000999	1	0.113886113886114	0.785214785214785	0.742257742257742	"CL"	"DEV"	11.0385088140136
"G828_L"	4068.34788517493	2957.51743694976	8457.42350545779	3428.99011810008	2488.40570169442	0.000999000999000999	1	0.014985014985015	0.899100899100899	0.0869130869130869	"CL"	"DEV"	11.2045226991425
"G837_L"	2015.01927690572	4621.51762232396	6415.81003053309	6378.52975221678	1621.52968244501	1	0.000999000999000999	1	0.000999000999000999	0.789210789210789	"MES"	"INJ"	14.5157706323493
"G851_L"	2558.33196133954	4193.73848909905	7316.25209669345	5723.52967690042	1004.88860960624	1	0.000999000999000999	0.94005994005994	0.001998001998002	0.993006993006993	"MES"	"INJ"	12.6773158723805
"G861_L"	2078.350325484	4953.93756499172	7394.78986766405	6958.77485404502	1311.5013594884	1	0.000999000999000999	0.91008991008991	0.000999000999000999	0.935064935064935	"MES"	"INJ"	13.9587827903215
"G876_L"	2964.11691868581	4020.18593063366	7710.34384406502	5444.21169343635	1040.27661385924	1	0.000999000999000999	0.642357642357642	0.003996003996004	0.991008991008991	"MES"	"INJ"	12.9172198307693
"G885_L"	3850.44272012985	2829.976684841	8074.85203220802	2499.4819734643	2109.01926190231	0.000999000999000999	1	0.184815184815185	1	0.350649350649351	"CL"	"DEV"	12.5970044524258
"G895_L"	4158.43561716536	2596.77200574174	8099.10053327736	2468.91392572259	2116.50834641565	0.000999000999000999	1	0.171828171828172	1	0.342657342657343	"CL"	"DEV"	10.044595862979
